[header]
width=100
height=100
tilewidth=32
tileheight=32

[tilesets]
tileset=grass-tiles-2-small.png,32,32,0,0
tileset=tree2-final.png,32,32,0,0

[layer]
type=Tile Layer 1
data=
11,55,54,55,54,55,54,55,54,55,54,55,54,55,54,55,54,55,54,55,54,55,54,55,54,55,54,55,54,55,54,55,54,55,54,55,54,55,54,55,54,55,54,55,54,55,54,55,58,7,10,39,54,55,54,55,54,55,54,55,54,55,54,55,54,55,54,55,54,55,54,55,54,55,54,55,54,55,54,55,54,55,54,55,54,55,54,55,54,55,54,55,54,55,54,55,54,55,54,55,
66,67,66,67,66,67,66,11,66,67,66,67,66,67,66,67,66,67,66,67,66,67,66,67,66,67,66,67,66,67,66,67,66,67,66,67,66,67,66,67,66,67,66,67,11,67,66,67,58,9,10,39,66,67,66,67,66,67,66,67,66,67,66,67,66,67,66,67,66,67,66,67,66,67,66,67,66,67,66,67,66,67,66,67,66,67,66,67,66,67,66,67,66,67,66,67,66,67,66,67,
54,55,54,55,54,55,54,55,54,55,54,55,54,55,54,55,54,55,54,55,54,55,54,55,54,55,54,55,54,55,54,55,54,55,54,55,54,55,54,55,54,55,54,55,54,55,54,55,70,9,10,59,54,55,54,55,54,55,54,55,54,55,54,55,54,55,54,55,54,55,54,55,54,55,54,55,54,55,54,55,54,55,11,55,54,55,54,55,54,55,54,55,54,55,54,55,54,55,54,55,
66,67,66,67,66,67,66,67,66,67,66,67,66,67,66,67,66,67,66,67,66,67,66,67,66,67,66,67,66,67,66,67,66,11,66,67,66,67,66,67,66,67,66,67,66,67,66,67,58,9,10,39,66,67,66,67,66,67,66,67,66,67,66,67,66,67,66,67,66,67,66,67,66,67,66,67,66,67,66,67,66,67,66,67,66,67,66,67,66,67,66,67,66,67,66,11,66,67,66,67,
54,55,54,55,54,55,54,55,54,55,54,55,54,55,54,55,54,55,54,55,54,55,54,55,54,55,54,55,54,55,54,55,54,55,54,55,54,55,54,55,54,55,54,55,54,55,54,55,40,19,10,59,54,55,54,11,54,55,54,55,54,55,54,55,54,55,54,55,54,55,54,55,54,55,54,55,54,55,54,55,54,55,54,55,54,55,54,55,54,55,54,55,54,55,54,55,54,55,54,55,
66,67,66,67,66,67,66,67,66,67,66,67,66,67,66,67,66,67,66,67,66,67,66,67,66,67,66,67,66,67,66,67,66,67,66,67,66,67,66,67,66,67,66,67,66,67,66,54,40,9,7,59,66,67,66,67,66,67,66,67,66,67,66,11,66,67,66,67,66,67,66,67,66,67,66,67,66,67,66,67,66,67,66,67,66,67,66,67,66,67,66,67,66,67,66,67,66,67,66,67,
54,55,54,55,54,55,54,55,54,55,54,55,54,55,54,55,54,55,54,55,54,55,54,55,54,55,54,55,54,55,54,55,54,55,54,55,54,55,54,55,54,55,54,55,54,55,54,66,58,10,10,39,54,55,54,55,54,55,54,55,54,55,54,55,54,55,54,55,54,55,54,55,11,55,54,55,54,55,54,55,54,55,54,55,54,55,54,55,54,55,54,55,54,55,54,55,54,55,54,55,
66,67,66,67,66,67,66,67,66,67,66,67,66,67,66,67,66,67,66,11,66,67,66,67,66,67,66,67,66,67,66,67,66,67,66,67,66,67,66,67,66,67,66,67,66,67,66,54,40,9,10,59,66,67,66,67,66,67,66,67,66,67,66,67,66,67,66,67,66,67,66,67,66,67,66,67,66,67,66,67,66,67,66,67,66,67,66,67,66,67,66,67,66,67,66,67,66,67,66,67,
54,55,54,55,54,55,54,55,54,55,54,55,54,55,54,55,54,55,54,55,54,55,54,55,54,55,54,55,54,55,54,55,54,55,54,55,54,55,54,55,54,55,54,55,54,55,54,66,58,9,10,39,54,55,54,55,54,55,54,55,54,55,54,55,54,55,54,55,54,55,54,55,54,55,54,55,54,55,54,55,54,55,54,55,54,55,54,55,54,55,54,55,54,55,54,55,54,55,54,55,
66,67,66,67,66,67,66,67,66,67,66,67,66,67,66,67,66,67,66,67,66,67,66,67,66,67,66,67,66,67,66,67,66,67,66,67,66,67,66,67,66,67,66,67,66,67,66,54,58,9,10,59,66,67,66,67,66,67,66,67,66,67,66,67,66,67,66,67,66,67,66,67,66,67,66,67,66,67,66,67,66,67,66,67,66,67,66,67,66,67,66,67,66,67,66,67,66,67,66,67,
54,55,54,55,54,55,54,55,54,55,54,55,54,55,54,55,54,55,54,55,54,55,54,55,54,55,54,55,54,55,54,11,54,55,54,55,54,55,54,55,54,55,54,55,54,55,54,66,70,9,10,71,54,55,54,55,54,55,54,55,54,55,54,55,54,55,54,55,54,55,54,55,54,55,54,55,54,55,54,55,54,55,54,55,54,55,54,55,54,55,54,55,54,55,54,55,54,55,54,55,
66,67,66,67,66,67,66,67,66,67,66,67,66,67,11,67,66,67,66,67,66,67,66,67,66,67,66,67,66,67,66,67,66,67,66,67,66,67,11,67,66,67,66,67,66,67,66,54,58,19,10,71,66,67,66,67,66,67,66,67,66,67,66,67,66,67,66,67,66,67,66,67,66,67,66,67,66,67,66,67,66,67,66,67,66,67,66,67,66,67,66,67,66,67,66,67,66,67,66,67,
54,55,54,55,54,55,54,55,54,55,54,55,54,55,54,55,54,55,54,55,54,55,54,55,54,55,54,55,54,55,54,55,54,55,54,55,54,55,54,55,54,55,54,55,54,55,54,66,58,10,10,27,54,55,54,55,54,55,54,55,54,55,54,55,54,55,54,55,54,55,54,55,54,55,54,55,54,55,54,55,54,55,54,55,54,11,54,55,54,55,54,55,54,55,54,55,54,55,54,55,
66,67,66,67,66,67,66,67,66,67,66,67,66,67,66,67,66,67,66,67,66,67,66,67,66,67,66,67,66,67,66,67,66,67,66,67,66,67,66,67,66,67,66,67,66,67,66,54,58,9,10,27,66,67,66,67,66,67,66,67,66,67,66,67,66,67,66,67,66,67,66,67,66,67,66,67,66,67,66,67,66,67,66,67,66,67,66,67,66,67,66,67,66,67,66,67,66,67,66,67,
54,55,54,55,54,55,54,55,54,55,54,55,54,55,54,55,54,55,54,55,54,55,54,55,54,55,54,55,54,55,54,55,54,55,54,55,54,55,54,55,54,55,54,55,54,55,54,66,70,9,10,39,54,55,54,55,54,55,54,55,54,55,54,55,54,55,54,55,54,55,54,55,54,55,54,55,54,55,54,55,54,55,54,55,54,55,54,55,54,55,54,55,54,55,54,55,54,11,54,55,
66,67,66,67,66,67,66,67,66,67,66,67,66,67,66,67,66,67,66,67,66,67,66,67,66,67,66,67,66,67,66,67,66,67,66,67,66,67,66,67,66,67,66,67,66,67,66,54,40,9,10,71,66,67,66,67,66,67,66,67,66,67,66,67,66,67,66,67,66,67,66,67,66,67,66,67,66,67,66,67,66,67,66,67,66,67,66,67,66,67,66,67,66,67,66,67,66,67,66,67,
54,55,54,55,54,55,54,55,54,55,54,55,54,55,54,55,54,55,54,55,54,55,54,55,54,55,54,55,54,55,54,55,54,55,54,55,54,55,54,55,54,55,54,55,54,55,54,66,70,19,10,59,54,55,54,55,54,55,54,55,54,55,54,55,54,55,54,55,54,55,54,55,54,55,54,55,54,55,54,55,54,55,54,55,54,55,54,55,54,55,54,55,54,55,54,55,54,55,54,55,
66,67,66,11,66,67,66,67,66,11,66,67,66,67,66,67,66,67,66,67,66,67,66,67,66,67,66,67,66,67,66,67,66,67,66,67,66,67,66,67,66,67,66,67,66,67,66,54,58,9,10,39,66,67,66,67,66,67,66,11,66,67,66,67,66,67,66,67,66,67,66,67,66,67,66,67,66,67,66,67,66,67,66,67,66,67,66,67,66,67,66,67,66,67,66,67,66,67,66,67,
54,55,54,55,54,55,54,55,54,55,54,55,54,55,54,55,54,55,54,55,54,55,54,55,54,55,54,55,54,55,54,55,54,55,54,55,54,55,54,55,54,55,54,55,54,55,54,66,70,10,10,27,54,55,54,55,54,55,54,55,54,55,54,55,54,55,54,55,54,55,54,55,54,55,54,55,54,55,11,55,54,55,54,55,54,55,54,55,54,55,54,55,54,55,54,55,54,55,54,55,
66,67,66,67,66,67,66,67,66,67,66,67,66,67,11,67,66,67,66,67,66,67,66,67,66,67,66,67,66,67,66,67,66,67,66,67,66,67,66,67,66,67,66,67,66,67,66,54,40,10,19,39,55,67,66,67,66,67,66,67,66,67,66,67,66,67,66,67,66,67,66,67,66,67,66,67,66,67,66,67,66,67,66,67,66,67,66,67,66,67,66,67,66,67,66,67,66,67,66,67,
54,55,54,55,54,55,54,55,54,55,54,55,54,55,54,55,54,55,54,55,54,55,54,55,54,55,54,55,54,55,54,55,54,55,54,55,54,55,54,55,54,55,54,55,54,55,54,66,40,10,9,39,67,55,54,55,54,55,54,55,54,55,54,55,54,55,54,55,54,55,54,55,54,55,54,55,54,55,54,55,54,55,54,55,54,55,54,55,54,55,54,55,54,55,54,55,54,55,54,55,
66,67,66,67,66,67,66,67,66,67,66,67,66,67,66,67,66,67,66,67,66,67,66,67,66,67,66,67,66,67,66,67,66,67,66,67,66,67,66,67,66,67,66,67,66,67,66,54,70,10,9,59,55,67,66,67,66,67,66,67,66,67,66,67,66,67,66,67,66,67,66,67,66,67,66,67,66,67,66,67,66,67,66,67,66,67,66,67,66,67,66,67,66,67,66,67,66,67,66,67,
54,55,54,55,54,55,54,55,54,55,54,55,54,55,54,55,54,55,54,55,54,55,54,55,54,55,54,55,54,55,54,55,54,55,54,55,54,55,54,55,54,55,54,55,54,55,54,66,40,10,19,71,67,55,54,55,54,55,54,55,54,55,54,55,54,55,54,55,54,55,54,55,54,55,54,55,54,55,54,55,54,55,54,55,54,55,54,55,54,55,54,55,54,55,54,55,54,55,54,55,
66,67,66,67,66,67,66,67,66,67,66,67,66,67,66,67,66,67,66,67,66,67,66,67,66,67,66,67,66,67,66,67,66,67,66,67,66,67,66,67,66,67,66,67,66,67,66,54,70,10,9,71,55,67,66,67,66,67,66,67,66,67,66,67,66,67,66,67,66,67,66,67,66,67,66,67,66,67,66,67,66,67,66,67,66,67,66,67,66,67,66,67,66,67,66,67,66,67,66,67,
54,55,54,55,54,55,54,55,54,55,54,55,54,55,54,55,54,55,54,55,54,55,54,55,54,55,54,55,54,55,54,55,54,55,54,55,54,55,54,55,54,55,54,55,54,55,54,66,40,7,10,39,67,55,54,55,54,55,54,55,54,55,54,55,54,55,54,55,54,55,54,55,54,55,54,55,54,55,54,55,54,11,54,55,54,55,54,55,54,55,54,55,54,55,54,55,54,55,54,55,
66,67,66,67,66,67,66,67,66,67,66,67,66,67,66,67,66,67,66,67,66,67,66,67,66,67,66,67,66,11,66,67,66,67,66,67,66,67,66,67,66,67,66,67,66,67,66,54,28,9,10,39,55,67,66,67,66,67,66,67,66,67,66,67,66,67,66,67,11,67,66,67,66,67,66,67,66,67,66,67,66,67,66,67,66,67,66,67,66,67,66,67,66,67,66,67,66,67,66,67,
54,55,54,55,54,55,54,55,54,55,54,55,54,55,54,55,54,55,54,55,54,55,54,55,54,55,54,55,54,55,54,55,54,55,54,55,54,55,54,11,11,55,54,55,54,55,54,66,70,9,10,71,67,55,54,55,54,55,54,55,54,55,54,55,54,55,54,55,54,55,54,55,54,55,54,55,54,55,54,55,54,11,54,55,54,55,54,55,54,55,54,55,54,55,54,55,54,55,54,55,
66,67,66,67,66,67,66,67,66,67,66,67,66,67,66,67,66,67,66,67,66,67,66,67,66,67,66,67,66,67,66,67,66,67,66,67,66,67,66,67,66,67,66,67,66,67,66,67,70,9,10,59,55,67,66,67,66,67,66,67,66,67,66,67,66,67,66,67,66,67,66,67,66,67,66,67,66,67,66,67,66,67,66,67,66,67,66,67,66,11,66,67,66,67,66,67,66,67,66,67,
54,55,54,55,54,55,54,55,54,55,54,55,54,55,54,55,54,55,54,55,54,55,54,55,54,55,54,55,54,55,54,55,54,55,54,55,54,55,54,55,54,55,54,55,54,55,54,54,70,10,10,59,67,55,54,55,54,55,54,55,54,55,54,55,54,55,54,55,54,55,54,55,54,55,54,55,54,55,54,55,54,55,54,55,54,55,54,55,54,55,54,55,54,55,54,55,54,55,54,55,
66,67,66,67,66,67,66,67,66,67,66,67,66,67,66,67,66,67,66,67,66,67,66,67,66,67,66,67,66,67,66,67,66,67,66,67,66,67,66,67,66,67,66,67,66,67,66,66,70,7,10,71,66,67,66,67,66,67,66,67,66,67,66,67,66,67,66,67,66,67,66,67,66,67,66,67,66,67,66,67,66,67,66,67,66,67,66,67,66,67,66,67,66,67,66,67,66,67,66,67,
54,55,54,55,54,55,54,55,54,55,54,55,54,55,54,55,54,55,54,55,54,55,54,55,54,55,54,55,54,55,54,55,54,55,54,55,54,55,54,55,54,55,54,55,54,55,54,54,58,21,22,59,54,55,54,55,54,55,54,55,54,55,54,55,54,55,54,55,54,55,54,55,54,55,54,55,54,55,54,55,54,55,54,55,54,55,54,55,54,55,54,55,54,55,54,11,54,55,54,55,
66,67,66,67,66,67,66,67,66,67,66,67,66,67,66,67,66,67,66,67,66,11,66,67,66,67,66,67,66,67,66,67,66,67,66,67,66,67,66,67,66,67,66,67,66,67,66,66,58,9,10,59,66,67,66,67,66,67,66,67,66,67,66,67,66,67,66,67,66,67,66,67,66,67,66,67,66,67,66,67,66,67,66,67,66,67,66,67,66,67,66,67,66,67,66,67,66,67,66,67,
54,55,54,55,54,55,54,55,54,55,54,55,54,55,54,55,54,55,54,55,54,55,54,55,54,55,54,55,54,55,54,55,54,55,54,55,54,55,54,55,54,55,54,55,54,55,54,54,28,9,10,27,54,55,54,55,54,55,54,55,54,55,54,55,54,55,54,55,11,55,54,55,54,55,54,55,54,55,54,55,54,55,54,55,54,55,54,55,54,55,54,55,54,55,54,55,54,55,54,55,
66,67,66,67,66,67,66,11,66,67,66,67,66,67,66,67,66,67,66,67,66,67,66,67,66,67,66,67,66,67,66,67,66,67,66,67,66,67,66,67,66,67,66,67,66,67,66,66,58,7,10,27,66,67,66,67,66,67,66,67,66,67,66,67,66,67,66,67,66,67,66,67,66,67,66,67,66,67,66,67,66,67,66,67,66,67,66,67,66,67,66,67,66,67,66,67,66,67,66,67,
54,55,54,55,54,55,54,55,54,55,54,55,54,55,54,55,54,55,54,55,54,55,54,55,54,55,54,55,54,55,54,55,54,55,54,55,54,55,54,55,54,55,54,55,54,55,54,54,70,10,10,59,54,55,54,55,54,55,54,55,54,55,54,55,54,55,54,55,54,55,54,55,54,55,54,55,54,55,54,55,54,55,54,55,54,55,54,55,54,55,54,55,54,55,54,55,54,55,54,55,
66,67,66,67,66,67,66,67,66,67,66,67,66,67,66,67,66,67,66,67,66,67,66,67,66,67,66,67,66,67,66,67,66,67,66,67,66,67,66,67,66,67,66,67,66,67,66,66,58,10,7,71,66,67,66,67,66,67,66,67,66,67,66,67,66,67,66,67,66,67,66,67,66,67,66,67,66,67,66,67,66,67,66,67,66,67,66,67,66,67,66,67,66,67,66,67,66,67,66,67,
54,55,54,55,54,55,54,55,54,55,54,55,54,55,54,55,54,55,54,55,54,55,54,55,54,55,54,55,54,55,54,55,54,55,54,55,54,55,54,55,54,55,54,55,54,55,54,54,40,9,10,71,54,11,54,55,54,55,54,55,54,55,54,55,54,55,54,55,54,55,54,55,54,55,54,55,54,55,54,55,54,11,54,55,54,55,54,55,54,55,54,55,54,55,54,55,54,55,54,55,
66,67,66,67,66,67,66,67,66,67,66,67,66,67,66,67,66,67,66,67,66,67,66,67,66,67,66,67,66,67,66,67,66,67,66,67,66,67,66,67,66,67,66,67,66,67,66,66,70,9,19,59,66,67,66,67,66,67,66,67,66,67,66,67,66,67,66,67,66,67,66,67,66,67,66,67,66,67,66,67,66,67,66,67,66,67,66,67,66,67,66,67,66,67,66,67,66,67,66,67,
54,55,54,55,54,55,54,55,54,55,54,55,54,55,54,55,54,55,54,55,54,55,54,55,54,55,54,55,54,55,54,55,54,55,54,55,54,55,54,55,54,55,54,55,54,55,54,54,70,9,7,59,54,55,54,55,54,55,54,55,54,55,54,55,54,55,54,55,54,55,54,55,54,55,54,55,54,55,54,55,54,55,54,55,54,55,54,55,54,55,54,11,54,55,54,55,54,55,54,55,
66,67,66,67,66,67,66,67,66,67,66,67,66,67,66,67,66,67,66,67,66,67,66,67,66,67,66,67,66,67,66,67,66,67,66,67,66,67,66,67,66,67,66,67,66,67,66,66,70,9,10,39,66,67,66,67,66,67,66,67,66,67,66,67,66,67,66,67,66,67,66,67,66,67,66,67,66,67,66,67,66,67,66,67,66,67,66,67,66,67,66,11,66,67,66,67,66,67,66,67,
54,55,54,55,54,55,54,55,54,55,54,55,54,55,54,55,54,55,54,55,54,55,54,55,54,55,54,55,54,55,54,55,54,11,54,55,54,55,54,55,54,55,54,55,54,55,54,54,28,9,10,27,54,55,54,55,54,55,54,55,54,55,54,55,54,55,54,55,54,55,54,55,54,55,54,55,54,55,54,55,54,55,54,55,54,55,54,55,54,55,54,55,54,55,54,55,54,55,54,55,
66,67,66,67,66,67,66,67,66,67,66,67,11,67,66,67,66,67,66,67,66,67,66,67,66,67,66,67,66,67,66,67,66,67,66,67,66,67,66,11,66,67,66,67,66,67,66,66,58,9,19,71,66,67,66,67,66,67,66,67,66,67,66,67,66,67,66,67,66,67,66,67,66,67,66,67,66,67,66,67,66,67,66,67,66,67,66,67,66,67,66,67,66,67,66,67,66,67,66,67,
54,55,54,55,54,55,54,55,54,55,54,55,54,55,54,55,54,55,54,55,54,55,54,55,54,55,54,55,54,55,54,55,54,55,54,55,54,55,54,55,54,55,54,55,54,55,54,54,40,9,10,59,54,55,54,55,54,55,54,55,54,55,54,55,54,11,54,55,54,55,54,55,54,55,54,55,54,55,54,55,54,55,54,55,54,55,54,55,54,55,54,55,54,55,54,55,54,55,54,55,
66,67,66,67,66,67,66,67,66,67,66,67,66,67,66,67,66,67,66,67,66,67,66,67,66,67,66,67,66,67,66,67,66,67,66,67,66,67,66,67,66,67,66,67,66,67,66,66,70,19,10,71,66,67,66,67,66,67,66,67,66,67,66,67,66,67,66,67,66,67,66,67,66,67,66,11,66,67,66,67,66,67,66,67,66,67,66,67,66,67,66,67,66,67,66,67,66,67,66,67,
54,55,54,55,54,55,54,55,54,55,54,55,54,55,54,55,54,55,54,55,54,55,54,55,54,55,54,55,54,55,54,55,54,55,54,55,54,55,54,55,54,55,54,55,16,38,37,37,18,9,10,17,37,38,38,15,54,55,54,55,54,55,54,55,54,55,54,55,54,55,54,55,54,55,54,55,54,55,54,55,54,55,54,55,54,55,54,55,54,55,54,55,54,55,54,55,54,55,54,55,
66,67,66,67,66,67,66,67,66,67,66,67,66,67,66,67,66,67,66,67,66,67,66,67,66,67,66,67,66,67,66,67,66,67,66,67,66,67,66,67,66,67,66,67,58,9,10,9,10,9,10,7,10,9,20,39,66,67,66,67,66,67,66,67,66,67,66,67,66,67,66,67,66,67,66,67,66,67,66,67,66,67,66,67,66,67,11,67,66,67,66,67,66,67,66,67,66,11,66,67,
54,11,54,55,54,55,54,55,54,55,54,55,54,55,54,55,54,55,54,55,54,11,54,55,54,55,54,55,54,55,54,55,54,55,54,55,54,55,54,55,54,55,54,55,58,21,22,21,22,19,10,21,22,21,22,59,54,55,11,55,54,55,54,55,54,55,54,55,54,55,54,55,54,55,54,55,54,55,54,55,54,55,54,55,54,55,54,55,54,55,54,55,54,55,54,55,54,55,54,55,
66,67,66,67,66,67,66,67,66,67,66,67,66,67,66,67,66,67,66,67,66,67,66,67,66,67,66,67,66,67,66,67,66,67,66,67,66,67,66,67,66,67,66,67,70,9,10,9,10,9,10,9,19,9,10,39,66,67,66,67,54,55,54,55,54,55,54,55,54,55,54,55,54,55,54,55,54,55,54,55,54,55,54,55,54,55,54,55,54,55,54,55,54,55,54,55,54,55,54,55,
37,37,38,38,38,38,37,38,38,37,38,38,37,38,38,38,38,38,38,37,37,38,37,38,37,37,38,37,38,37,37,38,37,37,38,37,38,38,37,37,38,38,38,38,18,21,19,21,5,25,25,6,22,21,22,17,37,37,38,37,38,37,38,38,38,38,37,37,37,37,37,37,37,37,37,37,38,37,38,37,37,37,38,37,37,38,37,37,37,38,37,38,37,38,37,38,38,37,37,37,
7,10,9,10,9,10,9,10,9,7,9,10,9,10,9,9,10,9,7,9,9,10,9,10,9,9,10,7,10,10,9,10,9,10,9,10,9,10,9,10,7,10,9,10,9,10,9,10,27,1,2,40,10,9,10,9,10,9,7,9,10,9,10,9,10,9,10,19,10,9,10,9,10,19,10,9,10,9,10,19,10,9,10,9,9,10,7,10,9,10,9,10,9,10,9,10,7,10,7,10,
21,22,21,19,21,22,21,22,21,22,21,22,7,22,21,21,22,19,22,21,21,22,21,7,21,21,22,21,22,22,19,22,21,22,19,22,21,22,7,22,21,22,21,22,21,22,21,22,27,13,14,40,22,21,22,21,22,21,22,21,22,21,22,21,19,21,22,21,22,19,22,21,22,21,7,21,22,21,22,21,22,21,7,21,21,22,21,22,21,22,7,22,21,22,21,22,21,22,21,19,
26,26,26,25,25,25,26,25,25,25,25,25,26,26,25,25,25,25,26,26,26,25,26,26,25,26,25,26,26,26,26,26,26,25,26,25,25,25,26,25,25,26,26,26,6,9,10,9,17,38,38,18,10,9,10,5,25,26,26,26,26,26,25,25,26,25,26,25,26,26,26,26,26,26,26,25,26,25,26,25,26,26,25,26,26,26,26,26,25,26,26,26,25,25,26,25,25,25,25,26,
54,55,54,55,54,55,54,55,54,55,54,55,54,55,54,55,54,55,54,66,66,67,66,66,66,66,66,66,67,66,66,66,66,66,66,67,66,66,66,66,66,66,67,66,70,21,22,21,22,21,22,21,22,21,22,27,66,67,66,67,66,67,66,67,66,67,66,67,66,67,66,67,66,67,66,67,66,67,66,67,66,67,66,67,66,67,66,67,66,67,66,67,66,67,66,67,54,55,54,55,
66,67,66,67,66,67,66,67,66,67,66,67,66,67,66,67,66,67,66,67,66,67,66,11,66,67,66,67,66,67,66,67,66,67,66,67,66,67,66,67,66,67,66,67,40,9,10,19,10,9,10,9,10,7,10,27,11,67,66,67,66,67,66,67,66,67,66,67,66,67,66,67,66,67,66,67,66,67,66,67,66,67,66,67,66,67,66,67,66,67,66,67,66,67,66,67,66,67,66,67,
54,55,54,55,54,55,54,55,54,55,54,55,54,55,54,55,54,55,54,55,54,55,54,55,54,55,54,55,54,55,54,55,54,55,54,55,11,55,54,55,54,55,54,55,40,21,22,21,22,21,19,21,22,21,22,27,54,55,54,55,54,55,54,55,54,55,54,55,54,55,54,55,54,55,54,55,54,55,54,55,54,55,54,55,54,55,54,55,54,55,54,55,54,55,54,55,54,55,54,55,
66,67,66,67,66,67,66,67,66,67,66,67,66,67,66,67,66,67,66,67,66,67,66,67,66,67,66,67,66,67,66,67,66,67,66,67,66,67,66,67,66,67,66,67,4,25,26,26,6,9,10,5,26,25,25,3,66,67,66,67,66,67,66,67,66,67,66,67,66,67,66,67,66,67,66,67,66,67,66,67,66,67,66,67,66,67,66,67,66,67,66,67,66,67,66,67,66,67,66,67,
54,55,54,55,54,55,54,55,54,55,54,55,54,55,54,55,54,55,54,55,54,55,54,55,54,55,54,55,54,55,54,55,54,55,54,55,54,55,54,55,54,55,54,55,54,55,66,67,58,21,22,71,54,55,54,55,54,55,54,55,54,55,54,11,54,55,54,55,54,55,54,55,54,55,54,55,54,55,54,55,54,55,54,55,54,55,54,55,54,55,54,55,54,55,54,55,54,55,54,55,
66,67,66,67,66,67,66,67,66,67,66,67,66,67,66,67,66,67,66,67,66,67,66,67,66,67,66,67,66,67,66,67,66,67,66,67,66,67,66,67,66,67,66,67,66,67,54,55,58,19,10,59,66,67,66,67,66,67,66,67,66,67,66,67,66,67,66,67,66,67,66,67,66,67,66,67,66,67,66,67,66,67,66,67,66,67,66,67,66,67,66,67,11,67,66,67,66,67,66,67,
54,55,54,55,54,55,54,55,54,55,54,55,54,55,54,55,54,55,54,55,54,55,54,55,54,55,54,55,54,55,54,55,54,55,54,55,54,55,54,55,54,55,54,55,54,55,66,67,28,21,22,39,54,55,54,55,54,55,54,55,54,55,54,55,54,55,54,55,54,55,54,55,54,55,54,55,54,55,54,55,54,55,54,55,54,55,54,55,54,55,54,55,54,55,54,55,54,55,54,55,
66,67,66,67,66,67,66,67,66,67,66,67,66,67,66,67,66,67,66,67,66,67,66,67,66,67,66,67,66,67,66,67,66,67,66,67,66,67,66,67,66,67,66,67,66,67,54,55,40,9,19,59,66,67,66,67,66,67,66,67,66,67,66,67,66,67,66,67,66,67,66,67,66,67,66,67,66,67,66,67,66,67,66,67,66,67,66,67,66,67,66,67,66,67,66,67,66,67,66,67,
54,55,54,55,54,55,54,55,54,55,54,55,54,55,54,55,54,55,11,55,54,55,54,55,54,55,54,55,54,55,54,55,54,55,54,55,54,55,54,55,54,55,54,55,54,55,66,67,58,21,22,59,54,55,54,55,54,55,54,55,54,55,54,55,54,55,54,55,54,55,54,55,54,55,54,55,54,55,54,55,54,55,54,55,54,55,54,55,54,55,54,55,54,55,54,55,54,55,54,55,
66,67,66,67,66,67,66,67,66,67,66,67,66,67,66,67,66,67,66,67,66,67,66,67,66,67,66,67,66,67,66,67,66,67,66,67,66,67,66,67,66,67,66,67,66,67,54,55,28,9,19,27,66,67,66,67,66,67,66,67,66,67,66,67,66,67,66,67,66,67,66,67,66,67,66,67,66,67,66,67,66,67,66,67,66,67,66,67,66,67,66,67,66,67,66,67,66,67,66,67,
54,55,54,55,54,55,11,55,54,55,54,55,54,55,54,55,54,55,54,55,54,55,54,55,54,55,11,55,54,55,54,55,54,55,54,55,54,55,54,55,54,55,54,55,54,55,66,67,28,21,22,71,54,55,54,55,54,55,54,55,54,55,54,55,54,55,54,55,54,55,54,55,54,55,54,55,54,55,54,55,54,55,54,55,54,55,54,55,54,55,54,55,54,55,54,55,54,55,54,55,
66,67,66,67,66,67,66,67,66,67,66,67,66,67,66,67,66,67,66,67,66,67,66,67,66,67,66,67,66,67,66,67,66,67,66,67,66,67,66,67,66,67,66,67,66,67,54,55,28,9,10,27,66,67,66,67,66,67,66,67,66,67,66,67,66,67,66,67,66,67,66,67,66,67,66,67,66,67,66,67,66,67,66,67,66,67,66,67,66,11,66,67,66,67,66,67,66,67,66,67,
54,55,54,55,54,55,54,55,54,55,54,55,54,55,54,55,54,55,54,55,54,55,54,55,54,55,54,55,54,55,54,55,54,55,54,55,54,55,54,55,54,55,54,55,54,55,66,67,40,21,22,27,54,55,54,55,54,55,54,55,54,55,54,55,54,55,54,55,54,55,54,55,54,55,54,55,54,55,54,55,54,55,54,55,54,55,54,55,54,55,54,55,54,55,54,55,54,55,54,55,
66,67,66,67,66,67,66,67,66,67,66,67,66,67,66,67,66,67,66,67,66,67,66,67,66,67,66,67,66,67,66,67,66,67,66,67,66,11,66,67,66,67,66,67,66,67,54,54,28,9,10,71,66,67,66,67,66,67,66,67,66,67,66,67,66,67,11,67,66,67,66,67,66,67,66,67,66,67,66,67,66,67,66,67,66,67,66,67,66,67,66,67,66,67,66,67,66,67,66,67,
54,55,54,55,54,55,54,55,54,55,54,55,54,55,54,55,54,55,54,55,54,55,54,55,54,55,54,55,54,55,54,55,54,55,54,55,54,55,54,55,54,55,54,55,54,55,66,66,28,21,7,59,54,55,54,55,54,55,54,55,54,55,54,55,54,55,54,55,54,55,54,55,54,55,54,55,11,55,54,55,54,55,54,55,54,55,54,55,54,55,54,55,54,55,54,55,54,55,54,55,
66,67,66,67,66,67,66,67,66,67,66,67,66,67,66,67,66,67,66,67,66,67,66,67,66,67,66,67,66,67,66,67,66,67,66,67,66,67,66,67,66,67,66,67,66,67,66,54,70,9,10,39,66,67,66,67,66,67,66,67,66,67,66,67,66,67,66,67,66,67,66,67,66,67,66,67,66,67,66,11,66,67,66,67,66,67,66,67,66,67,66,67,66,67,66,67,66,67,66,67,
54,55,54,55,54,55,54,55,54,55,54,55,54,55,54,55,54,55,54,55,54,55,54,55,54,55,54,55,54,55,54,55,54,55,54,55,54,55,54,55,54,55,54,55,54,55,54,66,40,21,22,71,54,55,54,55,54,55,54,55,54,55,54,55,54,55,54,55,54,55,54,55,54,55,54,55,54,55,54,55,54,55,54,55,54,55,54,55,54,55,54,55,54,55,54,55,54,55,54,55,
66,67,66,67,66,67,66,67,66,67,66,67,11,67,66,67,66,67,66,67,66,67,66,67,66,67,66,67,66,67,66,67,66,67,66,67,66,67,66,67,66,67,66,67,66,67,66,54,40,9,10,27,66,67,66,67,66,67,66,11,66,67,66,67,66,67,66,67,66,67,66,67,66,67,66,67,66,67,66,67,66,67,66,67,66,67,66,67,66,67,66,67,66,67,66,67,66,67,66,67,
54,55,54,55,54,55,54,55,54,55,54,55,54,55,54,55,54,55,54,55,54,55,54,55,54,55,54,55,54,55,54,55,54,55,54,55,54,55,54,55,54,55,54,55,54,55,54,54,28,21,22,27,54,55,54,55,54,55,54,11,54,55,54,55,54,55,54,55,54,55,54,55,54,55,54,55,54,55,54,55,54,55,54,55,54,55,54,55,54,55,54,55,54,55,54,55,54,55,54,55,
66,67,66,67,66,67,66,67,66,67,66,67,66,67,66,67,66,67,66,67,66,67,66,67,66,67,66,67,66,67,66,67,66,67,66,67,66,67,66,67,66,67,66,67,66,67,66,66,40,9,10,71,66,67,66,67,66,67,66,67,66,67,66,67,66,67,66,67,66,67,66,67,66,67,66,67,66,67,66,67,66,67,66,67,66,67,66,67,66,67,66,67,66,67,66,67,66,67,66,67,
54,55,54,55,54,55,54,55,54,55,54,55,54,55,54,55,54,55,54,55,54,55,54,55,54,55,54,55,54,55,54,55,54,55,54,55,54,55,54,55,54,55,54,55,54,55,54,54,28,21,22,39,54,55,54,55,54,55,54,55,54,55,54,55,54,55,54,55,54,55,54,55,54,55,54,55,54,55,54,55,54,55,54,55,54,55,54,55,54,55,54,55,54,55,54,55,54,55,54,55,
66,67,66,67,66,67,66,67,66,67,66,67,66,67,66,67,66,67,66,67,66,67,66,67,66,67,66,67,66,67,66,11,66,67,66,67,66,67,66,67,66,67,66,67,66,67,66,66,58,7,7,39,66,67,66,67,66,67,66,67,66,67,66,67,66,67,66,67,66,67,66,67,66,67,66,67,66,67,66,67,66,67,66,67,66,67,66,67,66,67,66,67,66,67,66,67,66,67,66,67,
54,55,54,55,54,55,54,55,54,55,54,55,54,55,54,55,54,55,54,55,54,55,54,55,54,55,54,55,54,55,54,55,54,55,54,55,54,55,54,55,54,55,54,55,54,55,54,55,28,9,10,39,54,55,54,55,54,55,54,55,54,55,54,55,54,55,54,55,54,55,54,55,54,55,54,55,54,55,54,55,54,55,54,55,54,55,54,55,54,55,54,55,54,55,54,55,54,55,54,55,
66,67,66,67,66,67,66,67,66,67,66,67,66,67,66,67,66,67,66,67,66,67,66,67,66,67,66,67,66,67,66,67,66,67,66,67,66,67,66,67,66,67,66,67,66,67,66,67,70,9,10,27,66,67,66,67,66,67,66,67,66,67,66,67,66,67,66,67,66,67,66,67,66,67,66,67,66,67,66,67,66,67,66,67,66,67,66,67,66,67,66,67,66,67,66,67,66,67,66,67,
54,55,54,55,54,55,54,55,54,55,54,55,54,55,54,55,54,55,54,55,54,55,54,55,54,55,54,55,54,55,54,55,54,55,54,55,54,55,54,55,54,55,54,55,54,55,54,55,40,9,9,39,55,55,54,55,54,55,54,55,54,55,54,55,54,55,54,55,54,55,54,55,54,55,54,55,54,55,54,55,54,55,54,55,54,55,54,55,54,55,54,55,54,55,54,55,54,55,54,55,
66,67,66,67,66,67,66,67,66,67,66,67,66,67,66,67,66,67,66,11,66,67,66,67,66,67,66,67,66,67,66,67,66,67,66,67,66,67,66,67,66,67,66,67,66,67,66,67,28,9,10,59,67,67,66,67,66,67,66,67,66,67,66,67,66,67,66,67,66,67,66,67,66,67,66,67,66,67,66,67,66,67,66,67,66,67,66,67,66,67,66,67,66,67,66,67,66,67,66,67,
54,55,54,55,54,55,54,55,54,55,54,55,54,55,54,55,54,55,54,55,54,55,54,55,54,55,54,55,54,55,54,55,54,55,54,55,54,55,54,55,54,55,54,55,54,55,54,55,28,19,22,59,55,55,54,55,54,55,54,55,54,55,54,55,54,55,54,55,54,55,54,55,54,55,54,55,54,55,54,55,54,55,54,55,54,55,54,55,54,55,54,55,54,55,54,55,54,55,54,55,
66,67,66,67,66,67,66,67,66,67,66,67,11,67,66,67,66,67,66,67,66,67,66,67,66,67,66,67,66,67,66,67,66,67,66,67,66,67,66,67,66,67,66,67,66,67,66,67,28,9,10,27,67,67,66,67,66,67,66,67,66,67,66,67,66,67,66,67,66,67,66,67,66,67,11,67,66,67,66,67,66,67,66,67,66,67,66,67,66,67,66,67,66,67,66,67,66,67,66,67,
54,55,54,55,54,55,54,55,54,55,54,55,54,55,54,55,54,55,54,55,54,55,54,55,54,55,54,55,54,55,11,55,54,55,54,55,54,55,54,55,54,55,54,55,54,55,54,55,28,21,22,71,55,55,54,55,54,55,54,55,54,11,54,55,54,55,54,55,54,55,54,55,54,55,54,55,54,55,54,55,54,55,54,55,54,55,54,55,54,55,54,55,54,55,54,55,54,55,54,55,
66,67,66,67,66,67,11,67,66,67,66,67,66,67,66,67,66,67,66,67,66,67,66,67,66,67,66,67,66,67,66,67,66,67,66,67,66,67,66,67,66,67,66,67,66,67,66,67,70,9,19,27,67,67,66,67,66,67,66,67,66,67,66,67,66,67,66,67,66,67,66,67,66,67,66,67,66,67,66,67,66,67,66,67,66,67,66,67,66,67,66,67,66,67,66,67,66,67,66,67,
54,55,54,55,54,55,54,55,54,55,54,55,54,55,54,55,54,55,54,55,54,55,54,55,54,55,54,55,54,55,54,55,54,55,54,55,54,55,54,11,54,55,54,55,54,55,54,55,70,21,22,39,55,55,54,55,54,55,54,55,54,55,54,55,54,55,54,55,54,55,54,55,54,55,54,55,54,55,54,55,54,55,11,55,54,55,54,55,54,55,54,55,54,55,54,55,54,55,54,55,
66,67,66,67,66,67,66,67,66,67,66,67,66,67,66,67,66,67,66,67,66,67,66,67,66,67,66,67,66,67,66,67,66,67,66,67,66,67,66,67,66,67,66,67,66,67,66,67,28,9,10,71,67,67,66,67,66,67,66,67,66,67,66,67,66,67,66,67,66,67,66,67,66,67,66,67,66,67,66,67,66,67,66,67,66,67,66,67,66,67,66,67,66,67,66,67,66,67,66,67,
54,55,54,55,54,55,54,55,54,55,54,55,54,55,54,55,54,11,54,55,54,55,54,55,54,55,54,55,54,55,54,55,54,55,54,55,54,55,54,55,54,55,54,55,54,55,54,55,70,21,22,59,55,55,54,55,54,55,54,55,54,55,54,55,54,55,54,55,54,55,54,55,54,55,54,55,54,55,54,55,54,55,54,55,54,55,54,55,54,55,54,55,54,55,54,55,54,55,54,55,
66,67,66,67,66,67,66,67,66,67,66,67,66,67,66,67,66,67,66,67,66,67,66,67,66,67,66,67,66,67,66,67,66,67,66,67,66,67,66,67,66,67,66,67,66,67,66,67,58,9,10,59,67,67,66,67,66,67,66,67,66,67,66,67,66,67,66,67,66,67,66,67,66,67,66,67,66,67,66,67,66,67,66,67,66,67,66,67,66,67,66,67,66,67,66,67,66,67,66,67,
54,55,54,55,54,55,54,55,54,55,54,55,54,55,54,55,54,55,54,55,54,55,54,55,54,55,54,55,54,55,54,55,54,55,54,55,54,55,54,55,54,55,54,55,54,55,54,55,28,21,22,59,55,55,54,55,54,55,54,55,54,55,54,55,54,55,54,55,54,11,54,55,54,55,54,55,54,55,54,55,54,55,54,55,54,55,54,55,54,55,54,55,54,55,11,55,54,55,54,55,
66,11,66,67,66,67,66,67,66,67,66,67,66,67,66,67,66,67,66,67,66,67,66,67,66,67,66,67,66,67,66,67,66,67,66,67,66,67,66,67,66,67,66,67,66,67,66,67,70,9,10,59,67,67,66,67,66,67,66,67,66,67,66,67,66,67,66,67,66,67,66,67,66,67,66,67,66,67,66,67,66,67,66,67,66,67,66,67,66,67,66,67,66,67,66,67,66,67,66,67,
54,55,54,55,54,55,54,55,54,55,54,55,54,55,54,55,54,55,54,55,54,55,54,55,54,55,54,55,54,55,54,55,54,55,54,55,54,55,54,55,54,55,54,55,54,55,54,55,70,7,22,71,55,55,54,55,54,55,54,55,54,55,54,55,54,55,54,55,54,55,54,55,54,55,54,55,54,55,54,55,54,55,54,11,54,55,54,55,54,55,54,55,54,55,54,55,54,55,54,55,
66,67,66,67,66,67,66,67,66,67,66,11,66,67,66,67,66,67,66,67,66,67,66,67,66,67,66,67,66,67,66,67,66,67,66,67,66,67,66,67,66,67,66,67,66,67,66,67,28,9,10,71,67,67,66,67,66,67,66,67,66,67,66,67,66,67,66,67,66,67,66,67,66,67,66,67,66,67,66,67,66,67,66,67,66,67,66,67,66,67,66,67,66,67,66,67,66,67,66,67,
54,55,54,55,54,55,54,55,54,55,54,55,54,55,54,55,54,55,54,55,54,55,54,55,54,55,54,55,54,55,54,55,54,55,54,55,54,55,54,55,54,55,54,55,54,55,54,55,58,21,22,39,55,55,54,55,54,55,54,55,54,55,54,55,54,55,54,55,54,55,54,55,54,55,54,55,54,55,54,55,54,55,54,55,54,55,54,55,54,55,54,55,54,55,54,55,54,55,54,55,
66,67,66,67,66,67,66,67,66,67,66,67,66,67,66,67,66,67,66,67,66,67,66,67,66,67,66,67,66,67,66,67,66,67,66,67,66,67,66,67,66,67,66,67,66,67,66,67,40,21,22,27,67,67,66,67,66,11,66,67,66,67,66,67,66,67,66,67,66,67,66,67,66,67,66,67,66,67,66,67,66,67,66,67,66,67,66,67,66,67,66,67,66,67,66,67,66,67,66,67,
54,55,54,55,54,55,54,55,54,55,54,55,54,55,54,55,54,55,54,55,54,55,54,55,54,55,54,55,54,55,54,55,54,55,54,55,54,55,54,55,11,55,54,55,54,55,54,55,70,19,10,27,55,55,54,55,54,55,54,55,54,55,54,55,54,55,54,55,54,55,54,55,54,55,54,55,54,55,54,55,54,55,54,55,54,55,54,55,54,55,54,55,54,55,54,55,54,55,54,55,
66,67,66,67,66,67,66,67,66,67,66,67,66,67,66,67,66,67,66,67,66,67,66,67,66,67,66,67,66,67,66,67,66,67,66,67,66,67,66,67,66,67,66,67,66,67,66,67,40,21,19,71,67,67,66,67,66,67,66,67,66,67,66,67,66,67,11,67,66,67,66,67,66,67,66,67,66,67,66,67,66,67,66,67,66,67,66,67,66,67,66,67,66,67,66,67,66,67,66,67,
54,55,54,55,54,55,54,55,54,55,54,55,54,55,54,55,54,55,54,55,54,55,54,55,54,55,54,55,54,55,54,55,54,55,54,55,54,55,54,55,54,55,54,55,54,55,54,55,28,9,10,27,55,55,54,55,54,55,54,55,54,55,54,55,54,55,54,55,54,55,54,55,54,55,54,55,54,55,54,55,54,55,54,55,54,55,11,55,54,55,54,55,54,55,54,55,54,55,54,55,
66,67,66,67,66,11,66,67,66,67,66,67,66,67,66,67,66,67,66,67,66,67,66,67,66,67,66,67,66,67,66,67,66,67,66,67,66,67,66,67,66,67,66,67,66,67,66,67,28,21,7,27,67,67,66,67,66,67,66,67,66,67,66,67,66,67,66,67,66,67,66,67,66,67,66,67,66,67,66,67,66,67,66,67,66,67,66,67,66,67,66,67,66,67,66,67,66,67,66,67,
54,55,54,55,54,55,54,55,54,55,54,55,54,55,54,11,54,55,54,55,54,55,54,55,54,11,54,55,54,55,54,55,54,55,54,11,54,55,54,55,54,55,54,55,54,55,54,55,70,9,10,27,55,55,54,55,54,55,54,55,54,55,54,55,54,55,54,55,54,55,11,55,54,55,54,55,54,55,54,55,54,55,54,55,54,55,54,55,54,55,54,55,54,55,54,55,54,55,54,55,
66,67,66,67,66,67,66,67,66,67,66,67,66,67,66,67,66,67,66,67,66,67,66,67,66,67,66,67,66,67,66,67,66,67,66,67,66,67,66,67,66,67,66,67,66,67,66,67,58,21,7,39,67,67,66,67,66,67,66,67,66,67,66,67,66,67,66,67,66,67,66,67,66,67,66,67,66,67,66,67,66,67,66,67,66,67,66,67,66,67,66,67,66,67,66,11,66,67,66,67,
54,55,54,55,54,55,54,55,54,55,54,55,54,55,54,55,54,55,54,55,54,55,54,55,54,55,54,55,54,55,54,55,54,55,54,55,54,55,54,55,54,55,54,55,54,55,54,55,40,9,10,39,55,55,54,55,54,55,54,11,11,55,54,55,54,55,54,55,54,55,54,55,54,55,54,55,54,55,54,55,54,55,54,55,54,55,11,55,54,55,54,55,54,55,54,55,54,55,54,55,
66,67,66,67,66,67,66,67,66,67,66,67,66,67,66,67,66,67,66,67,66,67,66,67,66,67,66,67,66,67,66,67,66,67,66,67,66,67,66,67,66,67,66,67,66,67,66,67,70,7,22,39,67,67,66,67,66,67,66,67,66,67,66,67,66,67,66,67,66,67,66,67,66,67,66,67,66,67,66,67,66,67,66,67,66,67,66,67,66,67,66,67,66,67,66,67,66,67,66,67

[layer]
type=Tree
data=
0,0,0,0,0,0,0,0,0,0,0,0,0,0,0,0,0,0,0,0,0,0,0,0,0,0,0,0,0,0,0,0,0,0,0,0,0,0,0,0,0,0,0,0,0,0,0,0,0,0,0,0,0,0,0,0,0,0,0,0,0,0,0,0,0,0,0,0,0,0,0,0,0,0,0,0,0,0,0,0,0,0,0,0,0,0,0,0,0,0,0,0,0,0,0,0,0,0,0,0,
0,0,0,0,0,0,0,0,0,0,0,0,0,0,0,0,0,0,0,0,0,0,0,0,0,0,0,0,0,0,0,0,0,0,0,0,0,0,0,0,0,0,0,0,0,0,0,0,0,0,0,0,0,0,0,0,0,0,0,0,0,0,0,0,0,0,0,0,0,0,0,0,0,0,0,0,0,0,0,0,0,0,0,0,0,0,0,0,0,0,0,0,0,0,0,0,0,0,0,0,
0,0,0,0,0,74,75,76,77,78,79,0,0,0,0,0,0,0,0,0,0,0,0,0,0,0,0,0,0,0,0,0,0,0,0,0,0,0,0,0,0,0,0,0,0,0,0,0,0,0,0,0,0,0,0,0,0,0,0,0,0,0,0,0,0,0,0,0,0,0,0,0,0,0,0,0,0,0,0,0,0,0,0,0,0,0,0,0,0,0,0,0,0,0,0,0,0,0,0,0,
0,0,0,0,81,82,83,84,85,86,87,0,0,0,0,0,0,0,0,0,0,0,0,0,0,0,0,0,0,0,0,0,0,0,0,0,0,0,0,0,0,0,0,0,0,0,0,0,0,0,0,0,0,0,0,0,0,0,0,0,0,0,0,0,0,0,0,0,0,0,0,0,0,0,0,0,0,0,0,0,0,0,0,0,0,0,0,0,0,0,0,0,0,0,0,0,0,0,0,0,
0,0,0,0,89,90,91,92,93,94,95,96,0,0,0,0,0,0,0,0,0,0,0,0,0,0,0,0,0,0,0,0,0,0,0,0,0,0,0,0,0,0,0,0,0,0,0,0,0,0,0,0,0,0,0,0,0,0,0,0,0,0,0,0,0,0,0,0,0,0,0,0,0,0,0,0,0,0,0,0,0,0,0,0,0,0,0,0,0,0,0,0,0,0,0,0,0,0,0,0,
0,0,0,0,97,98,99,100,101,102,103,104,0,0,0,0,0,0,0,0,0,0,0,0,0,0,0,0,0,0,0,0,0,0,0,0,0,0,0,0,0,0,0,0,0,0,0,0,0,0,0,0,0,0,0,0,0,0,0,0,0,0,0,0,0,0,0,0,0,0,0,0,0,0,0,0,0,0,0,0,0,0,0,0,0,0,0,0,0,0,0,0,0,0,0,0,0,0,0,0,
0,0,0,0,105,106,107,108,109,110,111,112,0,0,0,0,0,0,0,0,0,0,0,0,0,0,0,0,0,0,0,0,0,0,0,0,0,0,0,0,0,0,0,0,0,0,0,0,0,0,0,0,0,0,0,0,0,0,0,0,0,0,0,0,0,0,0,0,0,0,0,0,0,0,0,0,0,0,0,0,0,0,0,0,0,0,0,0,0,0,0,0,0,0,0,0,0,0,0,0,
0,0,0,0,113,114,115,116,117,118,119,120,0,0,0,0,0,0,0,0,0,0,0,0,0,0,0,0,0,0,0,0,0,0,0,0,0,0,0,0,0,0,0,0,0,0,0,0,0,0,0,0,0,0,0,0,0,0,0,0,0,0,0,0,0,0,0,0,0,0,0,0,0,0,0,0,0,0,0,0,0,0,0,0,0,0,0,0,0,0,0,0,0,0,0,0,0,0,0,0,
0,0,0,0,0,122,123,124,125,126,127,128,0,0,0,0,0,0,0,0,0,0,0,0,0,0,0,0,0,0,0,0,0,0,0,0,0,0,0,0,0,0,0,0,0,0,0,0,0,0,0,0,0,0,0,0,0,0,0,0,0,0,0,0,0,0,0,0,0,0,0,0,0,0,0,0,0,0,0,0,0,0,0,0,0,0,0,0,0,0,0,0,0,0,0,0,0,0,0,0,
0,0,0,0,0,0,131,132,133,134,135,136,0,0,0,0,0,0,0,0,0,0,0,0,0,0,0,0,0,0,0,0,0,0,0,0,0,0,0,0,0,0,0,0,0,0,0,0,0,0,0,0,0,0,0,0,0,0,0,0,0,0,0,0,0,0,0,0,0,0,0,0,0,0,0,0,0,0,0,0,0,0,0,0,0,0,0,0,0,0,0,0,0,0,0,0,0,0,0,0,
0,0,0,0,0,0,0,0,0,0,0,0,0,0,0,0,0,0,0,0,0,0,0,0,0,0,0,0,0,0,0,0,0,0,0,0,0,0,0,0,0,0,0,0,0,0,0,0,0,0,0,0,0,0,0,0,0,0,0,0,0,0,0,0,0,0,0,0,0,0,0,0,0,0,0,0,0,0,0,0,0,0,0,0,0,0,0,0,0,0,0,0,0,0,0,0,0,0,0,0,
0,0,0,0,0,0,0,0,0,0,0,0,0,0,0,0,0,0,0,0,0,0,0,0,0,0,0,0,0,0,0,0,0,0,0,0,0,0,0,0,0,0,0,0,0,0,0,0,0,0,0,0,0,0,0,0,0,0,0,0,0,0,0,0,0,0,0,0,0,0,0,0,0,0,0,0,0,0,0,0,0,0,0,0,0,0,0,0,0,0,0,0,0,0,0,0,0,0,0,0,
0,0,0,0,0,0,0,0,0,0,0,0,0,0,0,0,0,0,0,0,0,0,0,0,0,0,0,0,0,0,0,0,0,0,0,0,0,0,0,0,0,0,0,0,0,0,0,0,0,0,0,0,0,0,0,0,0,0,0,0,0,0,0,0,0,0,0,74,75,76,77,78,79,0,0,0,0,0,0,0,0,0,0,0,0,0,0,0,0,0,0,0,0,0,0,0,0,0,0,0,
0,0,0,0,0,0,0,0,0,0,0,0,0,0,0,0,0,0,0,0,0,0,0,0,0,0,0,0,0,0,0,0,0,0,0,0,0,0,0,0,0,0,0,0,0,0,0,0,0,0,0,0,0,0,0,0,0,0,0,0,0,0,0,0,0,0,81,82,83,84,85,86,87,0,0,0,0,0,0,0,0,0,0,0,0,0,0,0,0,0,0,0,0,0,0,0,0,0,0,0,
0,0,0,0,0,0,0,0,0,0,0,0,0,0,0,0,0,0,0,0,0,0,0,0,0,0,0,0,0,0,0,0,0,0,0,0,0,0,0,0,0,0,0,0,0,0,0,0,0,0,0,0,0,0,0,0,0,0,0,0,0,0,0,0,0,0,89,90,91,92,93,94,95,96,0,0,0,0,0,0,0,0,0,0,0,0,0,0,0,0,0,0,0,0,0,0,0,0,0,0,
0,0,0,0,0,0,0,0,0,0,0,0,0,0,0,0,0,0,0,0,0,0,0,0,0,0,0,0,0,0,0,0,0,0,0,0,0,0,0,0,0,0,0,0,0,0,0,0,0,0,0,0,0,0,0,0,0,0,0,0,0,0,0,0,0,0,97,98,99,100,101,102,103,104,0,0,0,0,0,0,0,0,0,0,0,0,0,0,0,0,0,0,0,0,0,0,0,0,0,0,
0,0,0,0,0,0,0,0,0,0,0,0,0,0,0,0,0,0,0,0,0,0,0,0,0,0,0,0,0,0,0,0,0,0,0,0,0,0,0,0,0,0,0,0,0,0,0,0,0,0,0,0,0,0,0,0,0,0,0,0,0,0,0,0,0,0,105,106,107,108,109,110,111,112,0,0,0,0,0,0,0,0,0,0,0,0,0,0,0,0,0,0,0,0,0,0,0,0,0,0,
0,0,0,0,0,0,0,0,0,0,0,0,0,0,0,0,0,0,0,0,0,0,0,0,0,0,0,0,0,0,0,0,0,0,0,0,0,0,0,0,0,0,0,0,0,0,0,0,0,0,0,0,0,0,0,0,0,0,0,0,0,0,0,0,0,0,113,114,115,116,117,118,119,120,0,0,0,0,0,0,0,0,0,0,0,0,0,0,0,0,0,0,0,0,0,0,0,0,0,0,
0,0,0,0,0,0,0,0,0,0,0,0,0,0,0,0,0,0,0,0,0,0,0,0,0,0,0,0,0,0,0,0,0,0,0,0,0,0,0,0,0,0,0,0,0,0,0,0,0,0,0,0,0,0,0,0,0,0,0,0,0,0,0,0,0,0,0,122,123,124,125,126,127,128,0,0,0,0,0,0,0,0,0,0,0,0,0,0,0,0,0,0,0,0,0,0,0,0,0,0,
0,0,0,0,0,0,0,0,0,0,0,0,0,0,0,0,0,0,0,0,0,0,0,0,0,0,0,0,0,0,0,0,0,0,0,0,0,0,0,0,0,0,0,0,0,0,0,0,0,0,0,0,0,0,0,0,0,0,0,0,0,0,0,0,0,0,0,0,131,132,133,134,135,136,0,0,0,0,0,0,0,0,0,0,0,0,0,0,0,0,0,0,0,0,0,0,0,0,0,0,
0,0,0,0,0,0,0,0,0,0,0,0,0,0,0,0,0,0,0,0,0,0,0,0,0,0,0,0,0,0,0,0,0,0,0,0,0,0,0,0,0,0,0,0,0,0,0,0,0,0,0,0,0,0,0,0,0,0,0,0,0,0,0,0,0,0,0,0,0,0,0,0,0,0,0,0,0,0,0,0,0,0,0,0,0,0,0,0,0,0,0,0,0,0,0,0,0,0,0,0,
0,0,0,0,0,0,0,0,0,0,0,0,0,0,0,0,0,0,0,0,0,0,0,0,0,0,0,0,0,0,0,0,0,0,0,0,0,0,0,0,0,0,0,0,0,0,0,0,0,0,0,0,0,0,0,0,0,0,0,0,0,0,0,0,0,0,0,0,0,0,0,0,0,0,0,0,0,0,0,0,0,0,0,0,0,0,0,0,0,0,0,0,0,0,0,0,0,0,0,0,
0,0,0,0,0,0,0,0,0,0,0,0,0,0,0,0,0,0,0,0,0,0,0,0,0,0,0,0,0,0,0,0,0,0,0,0,0,0,0,0,0,0,0,0,0,0,0,0,0,0,0,0,0,0,0,0,0,0,0,0,0,0,0,0,0,0,0,0,0,0,0,0,0,0,0,0,0,0,0,0,0,0,0,0,0,0,0,0,0,0,0,0,0,0,0,0,0,0,0,0,
0,0,0,0,0,0,0,0,0,0,0,0,0,0,0,0,0,0,0,0,0,0,0,0,0,0,0,0,0,0,0,0,0,0,0,0,0,0,0,0,0,0,0,0,0,0,0,0,0,0,0,0,0,0,0,0,0,0,0,0,0,0,0,0,0,0,0,0,0,0,0,0,0,0,0,0,0,0,0,0,0,0,0,0,0,0,0,0,0,0,0,0,0,0,0,0,0,0,0,0,
0,0,0,0,0,0,0,0,0,0,0,0,0,0,0,0,0,0,0,0,0,0,0,0,0,0,0,0,0,0,0,0,0,0,0,0,0,0,0,0,0,0,0,0,0,0,0,0,0,0,0,0,0,0,0,0,0,0,0,0,0,0,0,0,0,0,0,0,0,0,0,0,0,0,0,0,0,0,0,0,0,0,0,0,0,0,0,0,0,0,0,0,0,0,0,0,0,0,0,0,
0,0,0,0,0,0,0,0,0,0,0,0,0,0,0,0,0,0,0,0,0,0,0,0,0,0,0,0,0,0,0,0,0,0,0,0,0,0,0,0,0,0,0,0,0,0,0,0,0,0,0,0,0,0,0,0,0,0,0,0,0,0,0,0,0,0,0,0,0,0,0,0,0,0,0,0,0,0,0,0,0,0,0,0,0,0,0,0,0,0,0,0,0,0,0,0,0,0,0,0,
0,0,0,0,0,0,0,0,0,0,0,0,0,0,0,0,0,0,0,0,0,0,0,0,0,0,0,0,0,0,0,0,0,0,0,0,0,0,0,0,0,0,0,0,0,0,0,0,0,0,0,0,0,0,0,0,0,0,0,0,0,0,0,0,0,0,0,0,0,0,0,0,0,0,0,0,0,0,0,0,0,0,0,0,0,0,0,0,0,0,0,0,0,0,0,0,0,0,0,0,
0,0,0,0,0,0,0,0,0,0,0,0,0,0,0,0,0,0,0,0,0,0,0,0,0,0,0,0,0,0,0,0,0,0,0,0,0,0,0,0,0,0,0,0,0,0,0,0,0,0,0,0,0,0,0,0,0,0,0,0,0,0,0,0,0,0,0,0,0,0,0,0,0,0,0,0,0,0,0,0,0,0,0,0,0,0,0,0,0,0,0,0,0,0,0,0,0,0,0,0,
0,0,0,0,0,0,0,0,0,0,0,0,0,0,0,0,0,0,0,0,0,0,0,0,0,0,0,0,0,0,0,0,0,0,0,0,0,0,0,0,0,0,0,0,0,0,0,0,0,0,0,0,0,0,0,0,0,0,0,0,0,0,0,0,0,0,0,0,0,0,0,0,0,0,0,0,0,0,0,0,0,0,0,0,0,0,0,0,0,0,0,0,0,0,0,0,0,0,0,0,
0,0,0,0,0,0,0,0,0,0,0,0,0,0,0,0,0,0,0,0,0,0,0,0,0,0,0,0,0,0,0,0,0,0,0,0,0,0,0,0,0,0,0,0,0,0,0,0,0,0,0,0,0,0,0,0,0,0,0,0,0,0,0,0,0,0,0,0,0,0,0,0,0,0,0,0,0,0,0,0,0,0,0,0,0,0,0,0,0,0,0,0,0,0,0,0,0,0,0,0,
0,0,0,0,0,0,0,0,0,0,0,0,0,0,0,0,0,0,0,0,0,0,0,0,0,0,0,0,0,0,0,0,0,0,0,0,0,0,0,0,0,0,0,0,0,0,0,0,0,0,0,0,0,0,0,0,0,0,0,0,0,0,0,0,0,0,0,0,0,0,0,0,0,0,0,0,0,0,0,0,0,0,0,0,0,0,0,0,0,0,0,0,0,0,0,0,0,0,0,0,
0,0,0,0,0,0,0,0,0,0,0,0,0,0,0,0,0,0,0,0,0,0,0,0,0,0,0,0,0,0,0,0,0,0,0,0,0,0,0,0,0,0,0,0,0,0,0,0,0,0,0,0,0,0,0,0,0,0,0,0,0,0,0,0,0,0,0,0,0,0,0,0,0,0,0,0,0,0,0,0,0,0,0,0,0,0,0,0,0,0,0,0,0,0,0,0,0,0,0,0,
0,0,0,0,0,0,0,0,0,0,0,0,0,0,0,0,0,0,0,0,0,0,0,0,0,0,0,0,0,0,0,0,0,0,0,0,0,0,0,0,0,0,0,0,0,0,0,0,0,0,0,0,0,0,0,0,0,0,0,0,0,0,0,0,0,0,0,0,0,0,0,0,0,0,0,0,0,0,0,0,0,0,0,0,0,0,0,0,0,0,0,0,0,0,0,0,0,0,0,0,
0,0,0,0,0,0,0,0,0,0,0,0,0,0,0,0,0,0,0,0,0,0,0,0,0,0,0,0,0,0,0,0,0,0,0,0,0,0,0,0,0,0,0,0,0,0,0,0,0,0,0,0,0,0,0,0,0,0,0,0,0,0,0,0,0,0,0,0,0,0,0,0,0,0,0,0,0,0,0,0,0,0,0,0,0,0,0,0,0,0,0,0,0,0,0,0,0,0,0,0,
0,0,0,0,0,0,0,0,0,0,0,0,0,0,0,0,0,0,0,0,0,74,75,76,77,78,79,0,0,0,0,0,0,0,0,0,0,0,0,0,0,0,0,0,0,0,0,0,0,0,0,0,0,0,0,0,0,0,0,0,0,0,0,0,0,0,0,0,0,0,0,0,0,0,0,0,0,0,0,0,0,0,0,0,0,0,0,0,0,0,0,0,0,0,0,0,0,0,0,0,
0,0,0,0,0,0,0,0,0,0,0,0,0,0,0,0,0,0,0,0,81,82,83,84,85,86,87,0,0,0,0,0,0,0,0,0,0,0,0,0,0,0,0,0,0,0,0,0,0,0,0,0,0,0,0,0,0,0,0,0,0,0,0,0,0,0,0,0,0,0,0,0,0,0,0,0,0,0,0,0,0,0,0,0,0,0,0,0,0,0,0,0,0,0,0,0,0,0,0,0,
0,0,0,0,0,0,0,0,0,0,0,0,0,0,0,0,0,0,0,0,89,90,91,92,93,94,95,96,0,0,0,0,0,0,0,0,0,0,0,0,0,0,0,0,0,0,0,0,0,0,0,0,0,0,0,0,0,0,0,0,0,0,0,0,0,0,0,0,0,0,0,0,0,0,0,0,0,0,0,0,0,0,0,0,0,0,0,0,0,0,0,0,0,0,0,0,0,0,0,0,
0,0,0,0,0,0,0,0,0,0,0,0,0,0,0,0,0,0,0,0,97,98,99,100,101,102,103,104,0,0,0,0,0,0,0,0,0,0,0,0,0,0,0,0,0,0,0,0,0,0,0,0,0,0,0,0,0,0,0,0,0,0,0,0,0,0,0,0,0,0,0,0,0,0,0,0,0,0,0,0,0,0,0,0,0,0,0,0,0,0,0,0,0,0,0,0,0,0,0,0,
0,0,0,0,0,0,0,0,0,0,0,0,0,0,0,0,0,0,0,0,105,106,107,108,109,110,111,112,0,0,0,0,0,0,0,0,0,0,0,0,0,0,0,0,0,0,0,0,0,0,0,0,0,0,0,0,0,0,0,0,0,0,0,0,0,0,0,0,0,0,0,0,0,0,0,0,0,0,0,0,0,0,0,0,0,0,0,0,0,0,0,0,0,0,0,0,0,0,0,0,
0,0,0,0,0,0,0,0,0,0,0,0,0,0,0,0,0,0,0,0,113,114,115,116,117,118,119,120,0,0,0,0,0,0,0,0,0,0,0,0,0,0,0,0,0,0,0,0,0,0,0,0,0,0,0,0,0,0,0,0,0,0,0,0,0,0,0,0,0,0,0,0,0,0,0,0,0,0,0,0,0,0,0,0,0,0,0,0,0,0,0,0,0,0,0,0,0,0,0,0,
0,0,0,0,0,0,0,0,0,0,0,0,0,0,0,0,0,0,0,0,0,122,123,124,125,126,127,128,0,0,0,0,0,0,0,0,0,0,0,0,0,0,0,0,0,0,0,0,0,0,0,0,0,0,0,0,0,0,0,0,0,0,0,0,0,0,0,0,0,0,0,0,0,0,0,0,0,0,0,0,0,0,0,0,0,0,0,0,0,0,0,0,0,0,0,0,0,0,0,0,
0,0,0,0,0,0,0,0,0,0,0,0,0,0,0,0,0,0,0,0,0,0,131,132,133,134,135,136,0,0,0,0,0,0,0,0,0,0,0,0,0,0,0,0,0,0,0,0,0,0,0,0,0,0,0,0,0,0,0,0,0,0,0,0,0,0,0,0,0,0,0,0,0,0,0,0,0,0,0,0,0,0,0,0,0,0,0,0,0,0,0,0,0,0,0,0,0,0,0,0,
0,0,0,0,0,0,0,0,0,0,0,0,0,0,0,0,0,0,0,0,0,0,0,0,0,0,0,0,0,0,0,0,0,0,0,0,0,0,0,0,0,0,0,0,0,0,0,0,0,0,0,0,0,0,0,0,0,0,0,0,0,0,0,0,0,0,0,0,0,0,0,0,0,0,0,0,0,0,0,0,0,0,0,0,0,0,0,0,0,0,0,0,0,0,0,0,0,0,0,0,
0,0,0,0,0,0,0,0,0,0,0,0,0,0,0,0,0,0,0,0,0,0,0,0,0,0,0,0,0,0,0,0,0,0,0,0,0,0,0,0,0,0,0,0,0,0,0,0,0,0,0,0,0,0,0,0,0,0,0,0,0,0,0,0,0,0,0,0,0,0,0,0,0,0,0,0,0,0,0,0,0,0,0,0,0,0,0,0,0,0,0,0,0,0,0,0,0,0,0,0,
0,0,0,0,0,0,0,0,0,0,0,0,0,0,0,0,0,0,0,0,0,0,0,0,0,0,0,0,0,0,0,0,0,0,0,0,0,0,0,0,0,0,0,0,0,0,0,0,0,0,0,0,0,0,0,0,0,0,0,0,0,0,0,0,0,0,0,0,0,0,0,0,0,0,0,0,0,0,0,0,0,0,0,0,0,0,0,0,0,0,0,0,0,0,0,0,0,0,0,0,
0,0,0,0,0,0,0,0,0,0,0,0,0,0,0,0,0,0,0,0,0,0,0,0,0,0,0,0,0,0,0,0,0,0,0,0,0,0,0,0,0,0,0,0,0,0,0,0,0,0,0,0,0,0,0,0,0,0,0,0,0,0,0,0,0,0,0,0,0,0,0,0,0,0,0,0,0,0,0,0,0,0,0,0,0,0,0,0,0,0,0,0,0,0,0,0,0,0,0,0,
0,0,0,0,0,0,0,0,0,0,0,0,0,0,0,0,0,0,0,0,0,0,0,0,0,0,0,0,0,0,0,0,0,0,0,0,0,0,0,0,0,0,0,0,0,0,0,0,0,0,0,0,0,0,0,0,0,0,0,0,0,0,0,0,0,0,0,0,0,0,0,0,0,0,0,0,0,0,0,0,0,0,0,0,0,0,0,0,0,0,0,0,0,0,0,0,0,0,0,0,
0,0,0,0,0,0,0,0,0,0,0,0,0,0,0,0,0,0,0,0,0,0,0,0,0,0,0,0,0,0,0,0,0,0,0,0,0,0,0,0,0,0,0,0,0,0,0,0,0,0,0,0,0,0,0,0,0,0,0,0,0,0,0,0,0,0,0,0,0,0,0,0,0,0,0,0,0,0,0,0,0,0,0,0,0,0,0,0,0,0,0,0,0,0,0,0,0,0,0,0,
0,0,0,0,0,0,0,0,0,0,0,0,0,0,0,0,0,0,0,0,0,0,0,0,0,0,0,0,0,0,0,0,0,0,0,0,0,0,0,0,0,0,0,0,0,0,0,0,0,0,0,0,0,0,0,0,0,0,0,0,0,0,0,0,0,0,0,0,0,0,0,0,0,0,0,0,0,0,0,0,0,0,0,0,0,0,0,0,0,0,0,0,0,0,0,0,0,0,0,0,
0,0,0,0,0,0,0,0,0,0,0,0,0,0,0,0,0,0,0,0,0,0,0,0,0,0,0,0,0,0,0,0,0,0,0,0,0,0,0,0,0,0,0,0,0,0,0,0,0,0,0,0,0,0,0,0,0,0,0,0,0,0,0,0,0,0,0,0,0,0,0,0,0,0,0,0,0,0,0,0,0,0,0,0,0,0,0,0,0,0,0,0,0,0,0,0,0,0,0,0,
0,0,0,0,0,0,0,0,0,0,0,0,0,0,0,0,0,0,0,0,0,0,0,0,0,0,0,0,0,0,0,0,0,0,0,0,0,0,0,0,0,0,0,0,0,0,0,0,0,0,0,0,0,0,0,0,0,0,0,0,0,0,0,0,0,0,0,0,0,0,0,0,0,0,0,0,0,0,0,0,0,0,0,0,0,0,0,0,0,0,0,0,0,0,0,0,0,0,0,0,
0,0,0,0,0,0,0,0,0,0,0,0,0,0,0,0,0,0,0,0,0,0,0,0,0,0,0,0,0,0,0,0,0,0,0,0,0,0,0,0,0,0,0,0,0,0,0,0,0,0,0,0,0,0,0,0,0,0,0,0,0,0,0,0,0,0,0,0,0,0,0,0,0,0,0,0,0,0,0,0,0,0,0,0,0,0,0,0,0,0,0,0,0,0,0,0,0,0,0,0,
0,0,0,0,0,0,0,0,0,0,0,0,0,0,0,0,0,0,0,0,0,0,0,0,0,0,0,0,0,0,0,0,0,0,0,0,0,0,0,0,0,0,0,0,0,0,0,0,0,0,0,0,0,0,0,0,0,0,0,0,0,0,0,0,0,0,0,0,0,0,0,0,0,0,0,0,0,0,0,0,0,0,0,0,0,0,0,0,0,0,0,0,0,0,0,0,0,0,0,0,
0,0,0,0,0,0,0,0,0,0,0,0,0,0,0,0,0,0,0,0,0,0,0,0,0,0,0,0,0,0,0,0,0,0,0,0,0,0,0,0,0,0,0,0,0,0,0,0,0,0,0,0,0,0,0,0,0,0,0,0,0,0,0,0,0,0,0,0,0,0,0,0,0,0,0,0,0,0,0,0,0,0,0,0,0,0,0,0,0,0,0,0,0,0,0,0,0,0,0,0,
0,0,0,0,0,0,0,0,0,0,0,0,0,0,0,0,0,0,0,0,0,0,0,0,0,0,0,0,0,0,0,0,0,0,0,0,0,0,0,0,0,0,0,0,0,0,0,0,0,0,0,0,0,0,0,0,0,0,0,0,0,0,0,0,0,0,0,0,0,0,0,0,0,0,0,0,0,0,0,0,0,0,0,0,0,0,0,0,0,0,0,0,0,0,0,0,0,0,0,0,
0,0,0,0,0,0,0,0,0,0,0,0,0,0,0,0,0,0,0,0,0,0,0,0,0,0,0,0,0,0,0,0,0,0,0,0,0,0,0,0,0,0,0,0,0,0,0,0,0,0,0,0,0,0,0,0,0,0,0,0,0,0,0,0,0,0,0,0,0,0,0,0,0,0,0,0,0,0,0,0,0,0,0,0,0,0,0,0,0,0,0,0,0,0,0,0,0,0,0,0,
0,0,0,0,0,0,0,0,0,0,0,0,0,0,0,0,0,0,0,0,0,0,0,0,0,0,0,0,0,0,0,0,0,0,0,0,0,0,0,0,0,0,0,0,0,0,0,0,0,0,0,0,0,0,0,0,0,0,0,0,0,0,0,0,0,0,0,0,0,0,0,0,0,0,0,0,0,0,0,0,0,0,0,0,0,0,0,0,0,0,0,0,0,0,0,0,0,0,0,0,
0,0,0,0,0,0,0,0,0,0,0,0,0,0,0,0,0,0,0,0,0,0,0,0,0,0,0,0,0,0,0,0,0,0,0,0,0,0,0,0,0,0,0,0,0,0,0,0,0,0,0,0,0,0,0,0,0,0,0,0,0,0,0,0,0,0,0,0,0,0,0,0,0,0,0,0,0,0,0,0,0,0,0,0,0,0,0,0,0,0,0,0,0,0,0,0,0,0,0,0,
0,0,0,0,0,0,0,0,0,0,0,0,0,0,0,0,0,0,0,0,0,0,0,0,0,0,0,0,0,0,0,0,0,0,0,0,0,0,0,0,0,0,0,0,0,0,0,0,0,0,0,0,0,0,0,0,0,0,0,0,0,0,0,0,0,0,0,0,0,0,0,0,0,0,0,0,0,0,0,0,0,0,0,0,0,0,0,0,0,0,0,0,0,0,0,0,0,0,0,0,
0,0,0,0,0,0,0,0,0,0,0,0,0,0,0,0,0,0,0,0,0,0,0,0,0,0,0,0,0,0,0,0,0,0,0,0,0,0,0,0,0,0,0,0,0,0,0,0,0,0,0,0,0,0,0,0,0,0,0,0,0,0,0,0,0,0,0,0,0,0,0,0,0,0,0,0,0,0,0,0,0,0,0,0,0,0,0,0,0,0,0,0,0,0,0,0,0,0,0,0,
0,0,0,0,0,0,0,0,0,0,0,0,0,0,0,0,0,0,0,0,0,74,75,76,77,78,79,0,0,0,0,0,0,0,0,0,0,0,0,0,0,0,0,0,0,0,0,0,0,0,0,0,0,0,0,0,0,0,0,0,0,0,0,0,0,0,0,0,0,0,0,0,0,0,0,0,0,0,0,0,0,0,0,0,0,0,0,0,0,0,0,0,0,0,0,0,0,0,0,0,
0,0,0,0,0,0,0,0,0,0,0,0,0,0,0,0,0,0,0,0,81,82,83,84,85,86,87,0,0,0,0,0,0,0,0,0,0,0,0,0,0,0,0,0,0,0,0,0,0,0,0,0,0,0,0,0,0,0,0,0,0,0,0,0,0,0,0,0,0,0,0,0,0,0,0,0,0,0,0,0,0,0,0,0,0,0,0,0,0,0,0,0,0,0,0,0,0,0,0,0,
0,0,0,0,0,0,0,0,0,0,0,0,0,0,0,0,0,0,0,0,89,90,91,92,93,94,95,96,0,0,0,0,0,0,0,0,0,0,0,0,0,0,0,0,0,0,0,0,0,0,0,0,0,0,0,0,0,0,0,0,0,0,0,0,0,0,0,0,0,0,0,0,0,0,0,0,0,0,0,0,0,0,0,0,0,0,0,0,0,0,0,0,0,0,0,0,0,0,0,0,
0,0,0,0,0,0,0,0,0,0,0,0,0,0,0,0,0,0,0,0,97,98,99,100,101,102,103,104,0,0,0,0,0,0,0,0,0,0,0,0,0,0,0,0,0,0,0,0,0,0,0,0,0,0,0,0,0,0,0,0,0,74,75,76,77,78,79,0,0,0,0,0,0,0,0,0,0,0,0,0,0,0,0,0,0,0,0,0,0,0,0,0,0,0,0,0,0,0,0,0,
0,0,0,0,0,0,0,0,0,0,0,0,0,0,0,0,0,0,0,0,105,106,107,108,109,110,111,112,0,0,0,0,0,0,0,0,0,0,0,0,0,0,0,0,0,0,0,0,0,0,0,0,0,0,0,0,0,0,0,0,81,82,83,84,85,86,87,0,0,0,0,0,0,0,0,0,0,0,0,0,0,0,0,0,0,0,0,0,0,0,0,0,0,0,0,0,0,0,0,0,
0,0,0,0,0,0,0,0,0,0,0,0,0,0,0,0,0,0,0,0,113,114,115,116,117,118,119,120,0,0,0,0,0,0,0,0,0,0,0,0,0,0,0,0,0,0,0,0,0,0,0,0,0,0,0,0,0,0,0,0,89,90,91,92,93,94,95,96,0,0,0,0,0,0,0,0,0,0,0,0,0,0,0,0,0,0,0,0,0,0,0,0,0,0,0,0,0,0,0,0,
0,0,0,0,0,0,0,0,0,0,0,0,0,0,0,0,0,0,0,0,0,122,123,124,125,126,127,128,0,0,0,0,0,0,0,0,0,0,0,0,0,0,0,0,0,0,0,0,0,0,0,0,0,0,0,0,0,0,0,0,97,98,99,100,101,102,103,104,0,0,0,0,0,0,0,0,0,0,0,0,0,0,0,0,0,0,0,0,0,0,0,0,0,0,0,0,0,0,0,0,
0,0,0,0,0,0,0,74,75,76,77,78,79,0,0,0,0,0,0,0,0,0,131,132,133,134,135,136,0,0,0,0,0,0,0,0,0,0,0,0,0,0,0,0,0,0,0,0,0,0,0,0,0,0,0,0,0,0,0,0,105,106,107,108,109,110,111,112,0,0,0,0,0,0,0,0,0,0,0,0,0,0,0,0,0,0,0,0,0,0,0,0,0,0,0,0,0,0,0,0,
0,0,0,0,0,0,81,82,83,84,85,86,87,0,0,0,0,0,0,0,0,0,0,0,0,0,0,0,0,0,0,0,0,0,0,0,0,0,0,0,0,0,0,0,0,0,0,0,0,0,0,0,0,0,0,0,0,0,0,0,113,114,115,116,117,118,119,120,0,0,0,0,0,0,0,0,0,0,0,0,0,0,0,0,0,0,0,0,0,0,0,0,0,0,0,0,0,0,0,0,
0,0,0,0,0,0,89,90,91,92,93,94,95,96,0,0,0,0,0,0,0,0,0,0,0,0,0,0,0,0,0,0,0,0,0,0,0,0,0,0,0,0,0,0,0,0,0,0,0,0,0,0,0,0,0,0,0,0,0,0,0,122,123,124,125,126,127,128,0,0,0,0,0,0,0,0,0,0,0,0,0,0,0,0,0,0,0,0,0,0,0,0,0,0,0,0,0,0,0,0,
0,0,0,0,0,0,97,98,99,100,101,102,103,104,0,0,0,0,0,0,0,0,0,0,0,0,0,0,0,0,0,0,0,0,0,0,0,0,0,0,0,0,0,0,0,0,0,0,0,0,0,0,0,0,0,0,0,0,0,0,0,0,131,132,133,134,135,136,0,0,0,0,0,0,0,0,0,0,0,0,0,0,0,0,0,0,0,0,0,0,0,0,0,0,0,0,0,0,0,0,
0,0,0,0,0,0,105,106,107,108,109,110,111,112,0,0,0,0,0,0,0,0,0,0,0,0,0,0,0,0,0,0,0,0,0,0,0,0,0,0,0,0,0,0,0,0,0,0,0,0,0,0,0,0,0,0,0,0,0,0,0,0,0,0,0,0,0,0,0,0,0,0,0,0,0,0,0,0,0,0,0,0,0,0,0,0,0,0,0,0,0,0,0,0,0,0,0,0,0,0,
0,0,0,0,0,0,113,114,115,116,117,118,119,120,0,0,0,0,0,0,0,0,0,0,0,0,0,0,0,0,0,0,0,0,0,0,0,0,0,0,0,0,0,0,0,0,0,0,0,0,0,0,0,0,0,0,0,0,0,0,0,0,0,0,0,0,0,0,0,0,0,0,0,0,0,0,0,0,0,0,74,75,76,77,78,79,0,0,0,0,0,0,0,0,0,0,0,0,0,0,
0,0,0,0,0,0,0,122,123,124,125,126,127,128,0,0,0,0,0,0,0,0,0,0,0,0,0,0,0,0,0,0,0,0,0,0,0,0,0,0,0,0,0,0,0,0,0,0,0,0,0,0,0,0,0,0,0,0,0,0,0,0,0,0,0,0,0,0,0,0,0,0,0,0,0,0,0,0,0,81,82,83,84,85,86,87,0,0,0,0,0,0,0,0,0,0,0,0,0,0,
0,0,0,0,0,0,0,0,131,132,133,134,135,136,0,0,0,0,0,0,0,0,0,0,0,0,0,0,0,0,0,0,0,0,0,0,0,0,0,0,0,0,0,0,0,0,0,0,0,0,0,0,0,0,0,0,0,0,0,0,0,0,0,0,0,0,0,0,0,0,0,0,0,0,0,0,0,0,0,89,90,91,92,93,94,95,96,0,0,0,0,0,0,0,0,0,0,0,0,0,
0,0,0,0,0,0,0,0,0,0,0,0,0,0,0,0,0,0,0,0,0,0,0,0,0,0,0,0,0,0,0,0,0,0,0,0,0,0,0,0,0,0,0,0,0,0,0,0,0,0,0,0,0,0,0,0,0,0,0,0,0,0,0,0,0,0,0,0,0,0,0,0,0,0,0,0,0,0,0,97,98,99,100,101,102,103,104,0,0,0,0,0,0,0,0,0,0,0,0,0,
0,0,0,0,0,0,0,0,0,0,0,0,0,0,0,0,0,0,0,0,0,0,0,0,0,0,0,0,0,0,0,0,0,0,0,0,0,0,0,0,0,0,0,0,0,0,0,0,0,0,0,0,0,0,0,0,0,0,0,0,0,0,0,0,0,0,0,0,0,0,0,0,0,0,0,0,0,0,0,105,106,107,108,109,110,111,112,0,0,0,0,0,0,0,0,0,0,0,0,0,
0,0,0,0,0,0,0,0,0,0,0,0,0,0,0,0,0,0,0,0,0,0,0,0,0,0,0,0,0,0,0,0,0,0,0,0,0,0,0,0,0,0,0,0,0,0,0,0,0,0,0,0,0,0,0,0,0,0,0,0,0,0,0,0,0,0,0,0,0,0,0,0,0,0,0,0,0,0,0,113,114,115,116,117,118,119,120,0,0,0,0,0,0,0,0,0,0,0,0,0,
0,0,0,0,0,0,0,0,0,0,0,0,0,0,0,0,0,0,0,0,0,0,0,0,0,0,0,0,0,0,0,0,0,0,0,0,0,0,0,0,0,0,0,0,0,0,0,0,0,0,0,0,0,0,0,0,0,0,0,0,0,0,0,0,0,0,0,0,0,0,0,0,0,0,0,0,0,0,0,0,122,123,124,125,126,127,128,0,0,0,0,0,0,0,0,0,0,0,0,0,
0,0,0,0,0,0,0,0,0,0,0,0,0,0,0,0,0,0,0,0,0,0,0,0,0,0,0,0,0,0,0,0,0,0,0,0,0,0,0,0,0,0,0,0,0,0,0,0,0,0,0,0,0,0,0,0,0,0,0,0,0,0,0,0,0,0,0,0,0,0,0,0,0,0,0,0,0,0,0,0,0,131,132,133,134,135,136,0,0,0,0,0,0,0,0,0,0,0,0,0,
0,0,0,0,0,0,0,0,0,0,0,0,0,0,0,0,0,0,0,0,0,0,0,0,0,0,0,0,0,0,0,0,0,0,0,0,0,0,0,0,0,0,0,0,0,0,0,0,0,0,0,0,0,0,0,0,0,0,0,0,0,0,0,0,0,0,0,0,0,0,0,0,0,0,0,0,0,0,0,0,0,0,0,0,0,0,0,0,0,0,0,0,0,0,0,0,0,0,0,0,
0,0,0,0,0,0,0,0,0,0,0,0,0,0,0,0,0,0,0,0,0,0,0,0,0,0,0,0,0,0,0,0,0,0,0,0,0,0,0,0,0,0,0,0,0,0,0,0,0,0,0,0,0,0,0,0,0,0,0,0,0,0,0,0,0,0,0,0,0,0,0,0,0,0,0,0,0,0,0,0,0,0,0,0,0,0,0,0,0,0,0,0,0,0,0,0,0,0,0,0,
0,0,0,0,0,0,0,0,0,0,0,0,0,0,0,0,0,0,0,0,0,0,0,0,0,0,0,0,0,0,0,0,0,0,0,0,0,0,0,0,0,0,0,0,0,0,0,0,0,0,0,0,0,0,0,0,0,0,0,0,0,0,0,0,0,0,0,0,0,0,0,0,0,0,0,0,0,0,0,0,0,0,0,0,0,0,0,0,0,0,0,0,0,0,0,0,0,0,0,0,
0,0,0,0,0,0,0,0,0,0,0,0,0,0,0,0,0,0,0,0,0,0,0,0,0,0,0,0,0,0,0,0,0,0,0,0,0,0,0,0,0,0,0,0,0,0,0,0,0,0,0,0,0,0,0,0,0,0,0,0,0,0,0,0,0,0,0,0,0,0,0,0,0,0,0,0,0,0,0,0,0,0,0,0,0,0,0,0,0,0,0,0,0,0,0,0,0,0,0,0,
0,0,0,0,0,0,0,0,0,0,0,0,0,0,0,0,0,0,0,0,0,0,0,0,0,0,0,0,0,0,0,0,0,0,0,0,0,0,0,0,0,0,0,0,0,0,0,0,0,0,0,0,0,0,0,0,0,0,0,0,0,0,0,0,0,0,74,75,76,77,78,79,0,0,0,0,0,0,0,0,0,0,0,0,0,0,0,0,0,0,0,0,0,0,0,0,0,0,0,0,
0,0,0,0,0,0,0,0,0,0,0,0,0,0,0,0,0,0,0,0,0,0,0,0,0,0,0,0,0,0,0,0,0,0,0,0,0,0,0,0,0,0,0,0,0,0,0,0,0,0,0,0,0,0,0,0,0,0,0,0,0,0,0,0,0,81,82,83,84,85,86,87,0,0,0,0,0,0,0,0,0,0,0,0,0,0,0,0,0,0,0,0,0,0,0,0,0,0,0,0,
0,0,0,0,0,0,0,0,0,0,0,0,0,0,0,0,0,0,0,0,0,0,0,0,0,0,0,0,0,0,0,0,0,0,0,0,0,0,0,0,0,0,0,0,0,0,0,0,0,0,0,0,0,0,0,0,0,0,0,0,0,0,0,0,0,89,90,91,92,93,94,95,96,0,0,0,0,0,0,0,0,0,0,0,0,0,0,0,0,0,0,0,0,0,0,0,0,0,0,0,
0,0,0,0,0,0,0,0,0,0,0,0,0,0,0,0,0,0,0,0,0,0,0,0,0,0,0,0,0,0,0,0,0,0,0,0,0,0,0,0,0,0,0,0,0,0,0,0,0,0,0,0,0,0,0,0,0,0,0,0,0,0,0,0,0,97,98,99,100,101,102,103,104,0,0,0,0,0,0,0,0,0,0,0,0,0,0,0,0,0,0,0,0,0,0,0,0,0,0,0,
0,0,0,0,0,0,0,0,0,0,0,0,0,0,0,0,0,0,0,0,0,0,0,0,0,0,0,0,0,0,0,0,0,0,0,0,0,0,0,0,0,0,0,0,0,0,0,0,0,0,0,0,0,0,0,0,0,0,0,0,0,0,0,0,0,105,106,107,108,109,110,111,112,0,0,0,0,0,0,0,0,0,0,0,0,0,0,0,0,0,0,0,0,0,0,0,0,0,0,0,
0,0,0,0,0,0,0,0,0,0,74,75,76,77,78,79,0,0,0,0,0,0,0,0,0,0,0,0,0,0,0,0,0,0,0,0,0,0,0,0,0,0,0,0,0,0,0,0,0,0,0,0,0,0,0,0,0,0,0,0,0,0,0,0,0,113,114,115,116,117,118,119,120,0,0,0,0,0,0,0,0,0,0,0,0,0,0,0,0,0,0,0,0,0,0,0,0,0,0,0,
0,0,0,0,0,0,0,0,0,81,82,83,84,85,86,87,0,0,0,0,0,0,0,0,0,0,0,0,0,0,0,0,0,0,0,0,0,0,0,0,0,0,0,0,0,0,0,0,0,0,0,0,0,0,0,0,0,0,0,0,0,0,0,0,0,0,122,123,124,125,126,127,128,0,0,0,0,0,0,0,0,0,0,0,0,0,0,0,0,0,0,0,0,0,0,0,0,0,0,0,
0,0,0,0,0,0,0,0,0,89,90,91,92,93,94,95,96,0,0,0,0,0,0,0,0,0,0,0,0,0,0,0,0,0,0,0,0,0,0,0,0,0,0,0,0,0,0,0,0,0,0,0,0,0,0,0,0,0,0,0,0,0,0,0,0,0,0,131,132,133,134,135,136,0,0,0,0,0,0,0,0,0,0,0,0,0,0,0,0,0,0,0,0,0,0,0,0,0,0,0,
0,0,0,0,0,0,0,0,0,97,98,99,100,101,102,103,104,0,0,0,0,0,0,0,0,0,0,0,0,0,0,0,0,0,0,0,0,0,0,0,0,0,0,0,0,0,0,0,0,0,0,0,0,0,0,0,0,0,0,0,0,0,0,0,0,0,0,0,0,0,0,0,0,0,0,0,0,0,0,0,0,0,0,0,0,0,0,0,0,0,0,0,0,0,0,0,0,0,0,0,
0,0,0,0,0,0,0,0,0,105,106,107,108,109,110,111,112,0,0,0,0,0,0,0,0,0,0,0,0,0,0,0,0,0,0,0,0,0,0,0,0,0,0,0,0,0,0,0,0,0,0,0,0,0,0,0,0,0,0,0,0,0,0,0,0,0,0,0,0,0,0,0,0,0,0,0,0,0,0,0,0,0,0,0,0,0,0,0,0,0,0,0,0,0,0,0,0,0,0,0,
0,0,0,0,0,0,0,0,0,113,114,115,116,117,118,119,120,0,0,0,0,0,0,0,0,0,0,0,0,0,0,0,0,0,0,0,0,0,0,0,0,0,0,0,0,0,0,0,0,0,0,0,0,0,0,0,0,0,0,0,0,0,0,0,0,0,0,0,0,0,0,0,0,0,0,0,0,0,0,0,0,0,0,0,0,0,0,0,0,0,0,0,0,0,0,0,0,0,0,0,
0,0,0,0,0,0,0,0,0,0,122,123,124,125,126,127,128,0,0,0,0,0,0,0,0,0,0,0,0,0,0,0,0,0,0,0,0,0,0,0,0,0,0,0,0,0,0,0,0,0,0,0,0,0,0,0,0,0,0,0,0,0,0,0,0,0,0,0,0,0,0,0,0,0,0,0,0,0,0,0,0,0,0,0,0,0,0,0,0,0,0,0,0,0,0,0,0,0,0,0,
0,0,0,0,0,0,0,0,0,0,0,131,132,133,134,135,136,0,0,0,0,0,0,0,0,0,0,0,0,0,0,0,0,0,0,0,0,0,0,0,0,0,0,0,0,0,0,0,0,0,0,0,0,0,0,0,0,0,0,0,0,0,0,0,0,0,0,0,0,0,0,0,0,0,0,0,0,0,0,0,0,0,0,0,0,0,0,0,0,0,0,0,0,0,0,0,0,0,0,0,
0,0,0,0,0,0,0,0,0,0,0,0,0,0,0,0,0,0,0,0,0,0,0,0,0,0,0,0,0,0,0,0,0,0,0,0,0,0,0,0,0,0,0,0,0,0,0,0,0,0,0,0,0,0,0,0,0,0,0,0,0,0,0,0,0,0,0,0,0,0,0,0,0,0,0,0,0,0,0,0,0,0,0,0,0,0,0,0,0,0,0,0,0,0,0,0,0,0,0,0,
0,0,0,0,0,0,0,0,0,0,0,0,0,0,0,0,0,0,0,0,0,0,0,0,0,0,0,0,0,0,0,0,0,0,0,0,0,0,0,0,0,0,0,0,0,0,0,0,0,0,0,0,0,0,0,0,0,0,0,0,0,0,0,0,0,0,0,0,0,0,0,0,0,0,0,0,0,0,0,0,0,0,0,0,0,0,0,0,0,0,0,0,0,0,0,0,0,0,0,0,
0,0,0,0,0,0,0,0,0,0,0,0,0,0,0,0,0,0,0,0,0,0,0,0,0,0,0,0,0,0,0,0,0,0,0,0,0,0,0,0,0,0,0,0,0,0,0,0,0,0,0,0,0,0,0,0,0,0,0,0,0,0,0,0,0,0,0,0,0,0,0,0,0,0,0,0,0,0,0,0,0,0,0,0,0,0,0,0,0,0,0,0,0,0,0,0,0,0,0,0

